n00:00:00:59:53:2En192.168.0.0n47.519961n10.698863n3050.078383
nFF:00:00:60:53:2En192.168.0.1n47.581802n10.665801n3047.689339
